0 1
1 2
2 3
3 4
4 5
5 6
6 7
7 8
8 9
9 10
10 11
11 12
12 13
13 14
14 15
15 16
16 17
17 18
18 19
19 20
20 21
21 22
22 23
23 24
24 25
25 26
26 27
27 28
28 29
29 30
30 31
31 32
32 33
33 34
34 35
35 36
36 37
37 38
38 39
39 40
40 41
41 42
42 43
43 44
44 45
45 46
46 47
47 48
48 49
49 50
50 51
51 52
52 53
53 54
54 55
55 56
56 57
57 58
58 59
59 60
60 61
61 62
62 63
63 64
64 65
65 66
66 67
67 68
68 69
69 70
70 71
71 72
72 73
73 74
74 75
75 76
76 77
77 78
78 79
79 80
80 81
81 82
82 83
83 84
84 85
85 86
86 87
87 88
88 89
89 90
90 91
91 92
92 93
93 94
94 95
95 96
96 97
97 98
98 99
99 100
100 101
101 102
102 103
103 104
104 105
105 106
106 107
107 108
108 109
109 110
110 111
111 112
112 113
113 114
114 115
115 116
116 117
117 118
118 119
119 120
120 121
121 122
122 123
123 124
124 125
125 126
126 127
127 128
128 129
129 130
130 131
131 132
132 133
133 134
134 135
135 136
136 137
137 138
138 139
139 140
140 141
141 142
142 143
143 144
144 145
145 146
146 147
147 148
148 149
149 150
150 151
151 152
152 153
153 154
154 155
155 156
156 157
157 158
158 159
159 160
160 161
161 162
162 163
163 164
164 165
165 166
166 167
167 168
167 169
167 170
166 171
166 172
166 173
165 174
165 175
165 176
164 177
164 178
164 179
163 180
163 181
163 179
163 178
163 177
164 176
164 175
164 174
165 173
165 172
165 171
166 170
166 169
166 168
167 167
168 167
167 166
166 166
168 166
165 167
165 168
165 169
165 170
164 171
164 172
164 173
163 174
163 175
163 176
162 177
162 178
162 179
162 180
162 181
162 182
162 183
162 184
161 185
161 186
161 187
160 188
160 189
160 190
159 191
159 192
159 190
159 189
159 188
160 187
160 186
160 185
161 184
161 183
161 182
161 181
161 180
161 179
161 178
161 177
162 176
162 175
162 174
163 173
163 172
163 171
164 170
164 169
164 168
164 167
164 166
165 165
166 165
167 165
168 165
169 165
168 164
167 164
166 164
165 164
164 164
163 165
163 166
163 167
163 168
163 169
163 170
162 171
162 172
162 173
161 174
161 175
161 176
160 177
160 178
160 179
160 180
160 181
160 182
160 183
160 184
159 185
159 186
159 187
158 188
158 189
158 190
158 191
158 192
158 193
158 194
158 195
157 196
157 197
157 198
156 199
156 200
156 201
155 202
155 203
155 201
155 200
155 199
156 198
156 197
156 196
157 195
157 194
157 193
157 192
157 191
157 190
157 189
157 188
158 187
158 186
158 185
159 184
159 183
159 182
159 181
159 180
159 179
159 178
159 177
160 176
160 175
160 174
161 173
161 172
161 171
162 170
162 169
162 168
162 167
162 166
162 165
162 164
163 163
164 163
165 163
166 163
167 163
168 163
169 164
169 163
168 162
167 162
166 162
165 162
164 162
163 162
162 162
161 163
161 164
161 165
161 166
161 167
161 168
161 169
161 170
160 171
160 172
160 173
159 174
159 175
159 176
158 177
158 178
158 179
158 180
158 181
158 182
158 183
158 184
157 185
157 186
157 187
156 188
156 189
156 190
156 191
156 192
156 193
156 194
156 195
155 196
155 197
155 198
154 199
154 200
154 201
154 202
154 203
154 204
154 205
154 206
153 207
153 208
153 209
152 210
152 211
152 212
151 213
151 214
151 215
150 216
150 217
150 215
150 214
150 213
151 212
151 211
151 210
152 209
152 208
152 207
153 206
153 205
153 204
153 203
153 202
153 201
153 200
153 199
154 198
154 197
154 196
155 195
155 194
155 193
155 192
155 191
155 190
155 189
155 188
156 187
156 186
156 185
157 184
157 183
157 182
157 181
157 180
157 179
157 178
157 177
158 176
158 175
158 174
159 173
159 172
159 171
160 170
160 169
160 168
160 167
160 166
160 165
160 164
160 163
160 162
161 161
162 161
163 161
164 161
165 161
166 161
167 161
168 161
169 162
170 162
169 161
170 161
169 160
168 160
167 160
166 160
165 160
164 160
163 160
162 160
161 160
160 160
159 161
159 162
159 163
159 164
159 165
159 166
159 167
159 168
159 169
159 170
158 171
158 172
158 173
157 174
157 175
157 176
156 177
156 178
156 179
156 180
156 181
156 182
156 183
156 184
155 185
155 186
155 187
154 188
154 189
154 190
154 191
154 192
154 193
154 194
154 195
153 196
153 197
153 198
152 199
152 200
152 201
152 202
152 203
152 204
152 205
152 206
151 207
151 208
151 209
150 210
150 211
150 212
149 213
149 214
149 215
149 216
149 217
149 218
149 219
149 220
148 221
148 222
148 223
147 224
147 225
147 226
146 227
146 228
146 226
146 225
146 224
147 223
147 222
147 221
148 220
148 219
148 218
148 217
148 216
148 215
148 214
148 213
149 212
149 211
149 210
150 209
150 208
150 207
151 206
151 205
151 204
151 203
151 202
151 201
151 200
151 199
152 198
152 197
152 196
153 195
153 194
153 193
153 192
153 191
153 190
153 189
153 188
154 187
154 186
154 185
155 184
155 183
155 182
155 181
155 180
155 179
155 178
155 177
156 176
156 175
156 174
157 173
157 172
157 171
158 170
158 169
158 168
158 167
158 166
158 165
158 164
158 163
158 162
158 161
158 160
159 159
160 159
161 159
162 159
163 159
164 159
165 159
166 159
167 159
168 159
169 159
170 160
170 159
171 159
170 158
169 158
168 158
167 158
166 158
165 158
164 158
163 158
162 158
161 158
160 158
159 158
158 158
157 159
157 160
157 161
157 162
157 163
157 164
157 165
157 166
157 167
157 168
157 169
157 170
156 171
156 172
156 173
155 174
155 175
155 176
154 177
154 178
154 179
154 180
154 181
154 182
154 183
154 184
153 185
153 186
153 187
152 188
152 189
152 190
152 191
152 192
152 193
152 194
152 195
151 196
151 197
151 198
150 199
150 200
150 201
150 202
150 203
150 204
150 205
150 206
149 207
149 208
149 209
148 210
148 211
148 212
147 213
147 214
147 215
147 216
147 217
147 218
147 219
147 220
146 221
146 222
146 223
145 224
145 225
145 226
145 227
145 228
145 229
145 230
145 231
144 232
144 233
144 234
143 235
143 236
143 237
142 238
142 239
142 237
142 236
142 235
143 234
143 233
143 232
144 231
144 230
144 229
144 228
144 227
144 226
144 225
144 224
145 223
145 222
145 221
146 220
146 219
146 218
146 217
146 216
146 215
146 214
146 213
147 212
147 211
147 210
148 209
148 208
148 207
149 206
149 205
149 204
149 203
149 202
149 201
149 200
149 199
150 198
150 197
150 196
151 195
151 194
151 193
151 192
151 191
151 190
151 189
151 188
152 187
152 186
152 185
153 184
153 183
153 182
153 181
153 180
153 179
153 178
153 177
154 176
154 175
154 174
155 173
155 172
155 171
156 170
156 169
156 168
156 167
156 166
156 165
156 164
156 163
156 162
156 161
156 160
156 159
156 158
157 157
158 157
159 157
160 157
161 157
162 157
163 157
164 157
165 157
166 157
167 157
168 157
169 157
170 157
171 158
171 157
170 156
169 156
168 156
167 156
166 156
165 156
164 156
163 156
162 156
161 156
160 156
159 156
158 156
157 156
156 156
155 157
155 158
155 159
155 160
155 161
155 162
155 163
155 164
155 165
155 166
155 167
155 168
155 169
155 170
154 171
154 172
154 173
153 174
153 175
153 176
152 177
152 178
152 179
152 180
152 181
152 182
152 183
152 184
151 185
151 186
151 187
150 188
150 189
150 190
150 191
150 192
150 193
150 194
150 195
149 196
149 197
149 198
148 199
148 200
148 201
148 202
148 203
148 204
148 205
148 206
147 207
147 208
147 209
146 210
146 211
146 212
145 213
145 214
145 215
145 216
145 217
145 218
145 219
145 220
144 221
144 222
144 223
143 224
143 225
143 226
143 227
143 228
143 229
143 230
143 231
142 232
142 233
142 234
141 235
141 236
141 237
141 238
141 239
141 240
141 241
141 242
140 243
140 244
140 245
139 246
139 247
139 248
138 249
138 250
139 251
140 252
141 253
142 254
143 255
144 256
145 257
146 258
147 259
148 260
149 261
150 262
151 263
152 264
153 265
154 266
155 267
156 268
157 269
158 270
159 271
160 272
161 273
162 274
163 275
164 276
165 277
166 278
167 279
168 280
169 281
170 282
171 283
172 284
173 285
174 286
175 287
176 288
177 289
178 290
179 291
180 292
181 293
182 294
183 295
184 296
185 297
186 298
187 299
188 300
189 301
190 302
191 303
192 304
193 305
194 306
195 307
196 308
197 309
198 310
199 311
200 312
201 313
202 314
203 315
204 316
205 317
206 318
207 319
208 320
209 321
210 322
211 323
212 324
213 325
214 326
215 327
216 328
217 329
218 330
219 331
220 332
221 333
222 334
223 335
224 336
225 337
226 338
227 339
228 340
229 341
230 342
231 343
232 344
233 345
234 346
235 347
236 348
237 349
238 350
239 351
240 352
241 353
242 354
243 355
244 356
245 357
246 358
247 359
248 360
249 361
250 362
251 363
252 364
253 365
254 366
255 367
256 368
257 369
258 370
259 371
260 372
261 373
262 374
263 375
264 376
265 377
266 378
267 379
268 380
269 381
270 382
271 383
272 384
273 385
274 386
275 387
276 388
277 389
278 390
279 391
280 392
281 393
282 394
283 395
284 396
285 397
286 398
287 399
288 400
289 401
290 402
291 403
292 404
293 405
294 406
295 407
296 408
297 409
298 410
299 411
300 412
301 413
302 414
303 415
304 416
305 417
306 418
307 419
308 420
309 421
310 422
311 423
312 424
313 425
314 426
315 427
316 428
317 429
318 430
319 431
320 432
321 433
322 434
323 435
324 436
325 437
326 438
327 439
328 440
329 441
330 442
331 443
332 444
333 445
334 446
335 447
336 448
337 449
338 450
339 451
340 452
341 453
342 454
343 455
344 456
345 457
346 458
347 459
348 460
349 461
350 462
351 463
352 464
353 465
354 466
355 467
356 468
357 469
358 470
359 471
360 472
361 473
361 472
362 471
363 470
364 469
364 468
365 467
366 466
366 465
367 464
368 463
368 462
369 461
370 460
371 459
371 458
372 457
373 456
373 455
374 454
375 453
376 452
376 451
377 450
378 449
378 448
379 447
380 446
380 445
381 444
382 443
383 442
383 441
384 440
385 439
385 438
386 437
387 436
388 435
389 436
390 437
391 438
392 439
393 440
394 441
395 442
396 443
397 444
398 445
399 446
400 447
401 448
402 449
403 450
404 451
405 452
406 453
407 454
408 455
409 456
410 457
411 458
412 459
413 460
414 461
415 462
416 463
417 464
418 465
419 466
420 467
421 468
422 469
423 470
424 471
425 472
426 473
427 474
428 475
429 476
430 477
431 478
432 479
433 480
434 481
435 482
436 483
437 484
438 485
439 486
440 487
441 488
442 489
443 490
444 491
445 492
446 493
447 494
448 495
449 496
450 497
451 498
452 499
453 500
454 501
455 502
456 503
457 504
458 505
459 506
460 507
461 508
462 509
463 510
464 511
465 512
466 513
467 514
468 515
469 516
470 517
471 518
472 519
473 520
474 521
475 522
476 523
477 524
478 525
479 526
480 527
481 528
482 529
483 530
484 531
485 532
486 533
487 534
488 535
489 536
490 537
491 538
492 539
493 540
494 541
495 542
496 543
497 544
498 545
499 546
500 547
501 548
502 549
503 550
504 551
505 552
506 553
507 554
508 555
509 556
510 557
511 558
512 559
513 560
514 561
515 562
516 563
517 564
518 565
519 566
520 567
521 568
522 569
523 570
524 571
525 572
526 573
527 574
528 575
529 576
530 577
531 578
532 579
533 580
534 581
535 582
536 583
537 584
538 585
539 586
540 587
541 588
542 589
543 590
544 591
545 592
546 593
547 594
548 595
549 596
550 597
551 598
552 599
553 600
554 601
555 602
556 603
557 604
558 605
559 606
560 607
561 608
562 609
563 610
564 611
565 612
566 613
567 614
568 615
569 616
570 617
571 618
572 619
573 620
574 621
575 622
576 623
577 624
578 625
579 626
580 627
581 628
582 629
583 630
584 631
585 632
586 633
587 634
588 635
589 636
590 637
591 638
592 639
593 640
594 641
595 642
596 643
597 644
598 645
599 646
600 647
601 648
602 649
603 650
604 651
605 652
606 653
607 654
608 655
609 656
610 657
611 658
612 659
613 660
614 661
615 662
616 663
617 664
618 665
619 666
620 667
621 668
622 669
623 670
624 671
625 672
626 673
627 674
628 675
629 676
630 677
631 678
632 679
633 680
633 681
633 682
633 683
632 684
632 685
632 686
632 687
632 688
632 689
632 690
632 691
632 692
631 693
631 694
631 695
631 696
631 697
631 698
631 699
631 700
631 701
630 702
630 703
630 704
630 705
630 706
630 707
630 708
630 709
630 710
629 711
629 712
629 713
629 714
629 715
629 716
629 717
629 718
629 719
628 720
628 721
628 722
628 723
628 724
628 725
628 726
628 727
628 728
627 729
627 730
627 731
627 732
627 733
627 734
627 735
627 736
627 737
626 738
626 739
626 740
626 741
626 742
626 743
626 744
626 745
626 746
625 747
625 748
625 749
625 750
625 751
625 752
625 753
625 754
625 755
624 756
624 757
624 758
624 759
624 760
624 761
624 762
624 763
624 764
623 765
623 766
623 767
623 768
623 769
623 770
623 771
623 772
623 773
622 774
622 775
622 776
622 777
622 778
622 779
622 780
622 781
622 782
621 783
621 784
621 785
621 786
621 787
621 788
621 789
621 790
621 791
620 792
620 793
620 794
620 795
620 796
620 797
620 798
620 799
620 800
619 801
619 800
619 799
619 798
619 797
619 796
619 795
619 794
619 793
619 792
620 791
620 790
620 789
620 788
620 787
620 786
620 785
620 784
620 783
621 782
621 781
621 780
621 779
621 778
621 777
621 776
621 775
621 774
622 773
622 772
622 771
622 770
622 769
622 768
622 767
622 766
622 765
623 764
623 763
623 762
623 761
623 760
623 759
623 758
623 757
623 756
624 755
624 754
624 753
624 752
624 751
624 750
624 749
624 748
624 747
625 746
625 745
625 744
625 743
625 742
625 741
625 740
625 739
625 738
626 737
626 736
626 735
626 734
626 733
626 732
626 731
626 730
626 729
627 728
627 727
627 726
627 725
627 724
627 723
627 722
627 721
627 720
628 719
628 718
628 717
628 716
628 715
628 714
628 713
628 712
628 711
629 710
629 709
629 708
629 707
629 706
629 705
629 704
629 703
629 702
630 701
630 700
630 699
630 698
630 697
630 696
630 695
630 694
630 693
631 692
631 691
631 690
631 689
631 688
631 687
631 686
631 685
631 684
632 683
632 682
632 681
632 680
633 679
633 678
633 677
633 676
633 675
634 674
634 673
634 672
634 671
634 670
634 669
634 668
634 667
634 666
635 665
635 664
635 663
635 662
635 661
635 660
635 659
635 658
635 657
636 656
636 655
636 654
636 653
636 652
636 651
636 650
636 649
636 648
637 647
637 646
637 645
637 644
637 643
637 642
637 641
637 640
637 639
638 638
637 638
637 637
638 637
637 636
636 637
636 638
636 639
636 640
636 641
636 642
636 643
636 644
636 645
636 646
636 647
635 648
635 649
635 650
635 651
635 652
635 653
635 654
635 655
635 656
634 657
634 658
634 659
634 660
634 661
634 662
634 663
634 664
634 665
633 666
633 667
633 668
633 669
633 670
633 671
633 672
633 673
633 674
632 675
632 676
632 677
632 678
631 679
631 680
631 681
631 682
631 683
630 684
630 685
630 686
630 687
630 688
630 689
630 690
630 691
630 692
629 693
629 694
629 695
629 696
629 697
629 698
629 699
629 700
629 701
628 702
628 703
628 704
628 705
628 706
628 707
628 708
628 709
628 710
627 711
627 712
627 713
627 714
627 715
627 716
627 717
627 718
627 719
626 720
626 721
626 722
626 723
626 724
626 725
626 726
626 727
626 728
625 729
625 730
625 731
625 732
625 733
625 734
625 735
625 736
625 737
624 738
624 739
624 740
624 741
624 742
624 743
624 744
624 745
624 746
623 747
623 748
623 749
623 750
623 751
623 752
623 753
623 754
623 755
622 756
622 757
622 758
622 759
622 760
622 761
622 762
622 763
622 764
621 765
621 766
621 767
621 768
621 769
621 770
621 771
621 772
621 773
620 774
620 775
620 776
620 777
620 778
620 779
620 780
620 781
620 782
619 783
619 784
619 785
619 786
619 787
619 788
619 789
619 790
619 791
618 792
618 793
618 794
618 795
618 796
618 797
618 798
618 799
618 800
618 801
618 802
617 803
617 802
617 801
617 800
617 799
617 798
617 797
617 796
617 795
617 794
617 793
617 792
618 791
618 790
618 789
618 788
618 787
618 786
618 785
618 784
618 783
619 782
619 781
619 780
619 779
619 778
619 777
619 776
619 775
619 774
620 773
620 772
620 771
620 770
620 769
620 768
620 767
620 766
620 765
621 764
621 763
621 762
621 761
621 760
621 759
621 758
621 757
621 756
622 755
622 754
622 753
622 752
622 751
622 750
622 749
622 748
622 747
623 746
623 745
623 744
623 743
623 742
623 741
623 740
623 739
623 738
624 737
624 736
624 735
624 734
624 733
624 732
624 731
624 730
624 729
625 728
625 727
625 726
625 725
625 724
625 723
625 722
625 721
625 720
626 719
626 718
626 717
626 716
626 715
626 714
626 713
626 712
626 711
627 710
627 709
627 708
627 707
627 706
627 705
627 704
627 703
627 702
628 701
628 700
628 699
628 698
628 697
628 696
628 695
628 694
628 693
629 692
629 691
629 690
629 689
629 688
629 687
629 686
629 685
629 684
630 683
630 682
630 681
630 680
630 679
630 678
631 677
631 676
631 675
632 674
632 673
632 672
632 671
632 670
632 669
632 668
632 667
632 666
633 665
633 664
633 663
633 662
633 661
633 660
633 659
633 658
633 657
634 656
634 655
634 654
634 653
634 652
634 651
634 650
634 649
634 648
635 647
635 646
635 645
635 644
635 643
635 642
635 641
635 640
635 639
635 638
635 637
636 636
635 636
635 635
636 635
637 635
638 636
638 635
637 634
636 634
635 634
634 635
634 636
634 637
634 638
634 639
634 640
634 641
634 642
634 643
634 644
634 645
634 646
634 647
633 648
633 649
633 650
633 651
633 652
633 653
633 654
633 655
633 656
632 657
632 658
632 659
632 660
632 661
632 662
632 663
632 664
632 665
631 666
631 667
631 668
631 669
631 670
631 671
631 672
631 673
631 674
630 675
630 676
630 674
630 673
630 672
630 671
630 670
630 669
630 668
630 667
630 666
631 665
631 664
631 663
631 662
631 661
631 660
631 659
631 658
631 657
632 656
632 655
632 654
632 653
632 652
632 651
632 650
632 649
632 648
633 647
633 646
633 645
633 644
633 643
633 642
633 641
633 640
633 639
633 638
633 637
633 636
633 635
634 634
633 634
633 633
634 633
635 633
636 633
637 633
638 634
638 633
637 632
636 632
635 632
634 632
633 632
632 633
632 634
632 635
632 636
632 637
632 638
632 639
632 640
632 641
632 642
632 643
632 644
632 645
632 646
632 647
631 648
631 649
631 650
631 651
631 652
631 653
631 654
631 655
631 656
630 657
630 658
630 659
630 660
630 661
630 662
630 663
630 664
630 665
629 666
629 667
629 668
629 669
629 670
629 671
629 672
629 673
629 674
629 675
628 676
629 677
629 678
629 679
629 680
629 681
629 682
629 683
628 684
628 685
628 686
628 687
628 688
628 689
628 690
628 691
628 692
627 693
627 694
627 695
627 696
627 697
627 698
627 699
627 700
627 701
626 702
626 703
626 704
626 705
626 706
626 707
626 708
626 709
626 710
625 711
625 712
625 713
625 714
625 715
625 716
625 717
625 718
625 719
624 720
624 721
624 722
624 723
624 724
624 725
624 726
624 727
624 728
623 729
623 730
623 731
623 732
623 733
623 734
623 735
623 736
623 737
622 738
622 739
622 740
622 741
622 742
622 743
622 744
622 745
622 746
621 747
621 748
621 749
621 750
621 751
621 752
621 753
621 754
621 755
620 756
620 757
620 758
620 759
620 760
620 761
620 762
620 763
620 764
619 765
619 766
619 767
619 768
619 769
619 770
619 771
619 772
619 773
618 774
618 775
618 776
618 777
618 778
618 779
618 780
618 781
618 782
617 783
617 784
617 785
617 786
617 787
617 788
617 789
617 790
617 791
616 792
616 793
616 794
616 795
616 796
616 797
616 798
616 799
616 800
616 801
616 802
616 803
615 804
615 803
615 802
615 801
615 800
615 799
615 798
615 797
615 796
615 795
615 794
615 793
615 792
616 791
616 790
616 789
616 788
616 787
616 786
616 785
616 784
616 783
617 782
617 781
617 780
617 779
617 778
617 777
617 776
617 775
617 774
618 773
618 772
618 771
618 770
618 769
618 768
618 767
618 766
618 765
619 764
619 763
619 762
619 761
619 760
619 759
619 758
619 757
619 756
620 755
620 754
620 753
620 752
620 751
620 750
620 749
620 748
620 747
621 746
621 745
621 744
621 743
621 742
621 741
621 740
621 739
621 738
622 737
622 736
622 735
622 734
622 733
622 732
622 731
622 730
622 729
623 728
623 727
623 726
623 725
623 724
623 723
623 722
623 721
623 720
624 719
624 718
624 717
624 716
624 715
624 714
624 713
624 712
624 711
625 710
625 709
625 708
625 707
625 706
625 705
625 704
625 703
625 702
626 701
626 700
626 699
626 698
626 697
626 696
626 695
626 694
626 693
627 692
627 691
627 690
627 689
627 688
627 687
627 686
627 685
627 684
628 683
628 682
628 681
628 680
628 679
628 678
628 677
627 678
627 679
627 680
627 681
627 682
627 683
626 684
626 685
626 686
626 687
626 688
626 689
626 690
626 691
626 692
625 693
625 694
625 695
625 696
625 697
625 698
625 699
625 700
625 701
624 702
624 703
624 704
624 705
624 706
624 707
624 708
624 709
624 710
623 711
623 712
623 713
623 714
623 715
623 716
623 717
623 718
623 719
622 720
622 721
622 722
622 723
622 724
622 725
622 726
622 727
622 728
621 729
621 730
621 731
621 732
621 733
621 734
621 735
621 736
621 737
620 738
620 739
620 740
620 741
620 742
620 743
620 744
620 745
620 746
619 747
619 748
619 749
619 750
619 751
619 752
619 753
619 754
619 755
618 756
618 757
618 758
618 759
618 760
618 761
618 762
618 763
618 764
617 765
617 766
617 767
617 768
617 769
617 770
617 771
617 772
617 773
616 774
616 775
616 776
616 777
616 778
616 779
616 780
616 781
616 782
615 783
615 784
615 785
615 786
615 787
615 788
615 789
615 790
615 791
614 792
614 793
614 794
614 795
614 796
614 797
614 798
614 799
614 800
614 801
614 802
614 803
614 804
614 805
613 805
613 804
613 803
613 802
613 801
613 800
613 799
613 798
613 797
613 796
613 795
613 794
613 793
613 792
614 791
614 790
614 789
614 788
614 787
614 786
614 785
614 784
614 783
615 782
615 781
615 780
615 779
615 778
615 777
615 776
615 775
615 774
616 773
616 772
616 771
616 770
616 769
616 768
616 767
616 766
616 765
617 764
617 763
617 762
617 761
617 760
617 759
617 758
617 757
617 756
618 755
618 754
618 753
618 752
618 751
618 750
618 749
618 748
618 747
619 746
619 745
619 744
619 743
619 742
619 741
619 740
619 739
619 738
620 737
620 736
620 735
620 734
620 733
620 732
620 731
620 730
620 729
621 728
621 727
621 726
621 725
621 724
621 723
621 722
621 721
621 720
622 719
622 718
622 717
622 716
622 715
622 714
622 713
622 712
622 711
623 710
623 709
623 708
623 707
623 706
623 705
623 704
623 703
623 702
624 701
624 700
624 699
624 698
624 697
624 696
624 695
624 694
624 693
625 692
625 691
625 690
625 689
625 688
625 687
625 686
625 685
625 684
626 683
626 682
626 681
626 680
626 679
626 678
627 677
627 676
627 675
628 674
628 673
628 672
628 671
628 670
628 669
628 668
628 667
628 666
629 665
629 664
629 663
629 662
629 661
629 660
629 659
629 658
629 657
630 656
630 655
630 654
630 653
630 652
630 651
630 650
630 649
630 648
631 647
631 646
631 645
631 644
631 643
631 642
631 641
631 640
631 639
631 638
631 637
631 636
631 635
631 634
631 633
632 632
631 632
631 631
632 631
633 631
634 631
635 631
636 631
637 631
638 632
638 631
637 630
636 630
635 630
634 630
633 630
632 630
631 630
630 631
630 632
630 633
630 634
630 635
630 636
630 637
630 638
630 639
630 640
630 641
630 642
630 643
630 644
630 645
630 646
630 647
629 648
629 649
629 650
629 651
629 652
629 653
629 654
629 655
629 656
628 657
628 658
628 659
628 660
628 661
628 662
628 663
628 664
628 665
627 666
627 667
627 668
627 669
627 670
627 671
627 672
627 673
626 674
626 675
626 676
626 677
625 678
625 679
625 680
625 681
625 682
625 683
624 684
624 685
624 686
624 687
624 688
624 689
624 690
624 691
624 692
623 693
623 694
623 695
623 696
623 697
623 698
623 699
623 700
623 701
622 702
622 703
622 704
622 705
622 706
622 707
622 708
622 709
622 710
621 711
621 712
621 713
621 714
621 715
621 716
621 717
621 718
621 719
620 720
620 721
620 722
620 723
620 724
620 725
620 726
620 727
620 728
619 729
619 730
619 731
619 732
619 733
619 734
619 735
619 736
619 737
618 738
618 739
618 740
618 741
618 742
618 743
618 744
618 745
618 746
617 747
617 748
617 749
617 750
617 751
617 752
617 753
617 754
617 755
616 756
616 757
616 758
616 759
616 760
616 761
616 762
616 763
616 764
615 765
615 766
615 767
615 768
615 769
615 770
615 771
615 772
615 773
614 774
614 775
614 776
614 777
614 778
614 779
614 780
614 781
614 782
613 783
613 784
613 785
613 786
613 787
613 788
613 789
613 790
613 791
612 792
612 793
612 794
612 795
612 796
612 797
612 798
612 799
612 800
612 801
612 802
612 803
612 804
612 805
612 806
611 807
611 806
611 805
611 804
611 803
611 802
611 801
611 800
611 799
611 798
611 797
611 796
611 795
611 794
611 793
611 792
612 791
612 790
612 789
612 788
612 787
612 786
612 785
612 784
612 783
613 782
613 781
613 780
613 779
613 778
613 777
613 776
613 775
613 774
614 773
614 772
614 771
614 770
614 769
614 768
614 767
614 766
614 765
615 764
615 763
615 762
615 761
615 760
615 759
615 758
615 757
615 756
616 755
616 754
616 753
616 752
616 751
616 750
616 749
616 748
616 747
617 746
617 745
617 744
617 743
617 742
617 741
617 740
617 739
617 738
618 737
618 736
618 735
618 734
618 733
618 732
618 731
618 730
618 729
619 728
619 727
619 726
619 725
619 724
619 723
619 722
619 721
619 720
620 719
620 718
620 717
620 716
620 715
620 714
620 713
620 712
620 711
621 710
621 709
621 708
621 707
621 706
621 705
621 704
621 703
621 702
622 701
622 700
622 699
622 698
622 697
622 696
622 695
622 694
622 693
623 692
623 691
623 690
623 689
623 688
623 687
623 686
623 685
623 684
624 683
624 682
624 681
624 680
624 679
624 678
625 677
625 676
625 675
625 674
625 673
626 672
626 671
626 670
626 669
626 668
626 667
626 666
627 665
627 664
627 663
627 662
627 661
627 660
627 659
627 658
627 657
628 656
628 655
628 654
628 653
628 652
628 651
628 650
628 649
628 648
629 647
629 646
629 645
629 644
629 643
629 642
629 641
629 640
629 639
629 638
629 637
629 636
629 635
629 634
629 633
629 632
629 631
630 630
629 630
629 629
630 629
631 629
632 629
633 629
634 629
635 629
636 629
637 629
638 630
638 629
639 629
638 628
637 628
636 628
635 628
634 628
633 628
632 628
631 628
630 628
629 628
628 629
628 630
628 631
628 632
628 633
628 634
628 635
628 636
628 637
628 638
628 639
628 640
628 641
628 642
628 643
628 644
628 645
628 646
628 647
627 648
627 649
627 650
627 651
627 652
627 653
627 654
627 655
627 656
626 657
626 658
626 659
626 660
626 661
626 662
626 663
626 664
626 665
625 666
625 667
625 668
625 669
625 670
625 671
624 672
624 673
624 674
624 675
624 676
624 677
623 678
623 679
623 680
623 681
623 682
623 683
622 684
622 685
622 686
622 687
622 688
622 689
622 690
622 691
622 692
621 693
621 694
621 695
621 696
621 697
621 698
621 699
621 700
621 701
620 702
620 703
620 704
620 705
620 706
620 707
620 708
620 709
620 710
619 711
619 712
619 713
619 714
619 715
619 716
619 717
619 718
619 719
618 720
618 721
618 722
618 723
618 724
618 725
618 726
618 727
618 728
617 729
617 730
617 731
617 732
617 733
617 734
617 735
617 736
617 737
616 738
616 739
616 740
616 741
616 742
616 743
616 744
616 745
616 746
615 747
615 748
615 749
615 750
615 751
615 752
615 753
615 754
615 755
614 756
614 757
614 758
614 759
614 760
614 761
614 762
614 763
614 764
613 765
613 766
613 767
613 768
613 769
613 770
613 771
613 772
613 773
612 774
612 775
612 776
612 777
612 778
612 779
612 780
612 781
612 782
611 783
611 784
611 785
611 786
611 787
611 788
611 789
611 790
611 791
610 792
610 793
610 794
610 795
610 796
610 797
610 798
610 799
610 800
610 801
610 802
610 803
610 804
610 805
610 806
610 807
609 808
609 807
609 806
609 805
609 804
609 803
609 802
609 801
609 800
609 799
609 798
609 797
609 796
609 795
609 794
609 793
609 792
610 791
610 790
610 789
610 788
610 787
610 786
610 785
610 784
610 783
611 782
611 781
611 780
611 779
611 778
611 777
611 776
611 775
611 774
612 773
612 772
612 771
612 770
612 769
612 768
612 767
612 766
612 765
613 764
613 763
613 762
613 761
613 760
613 759
613 758
613 757
613 756
614 755
614 754
614 753
614 752
614 751
614 750
614 749
614 748
614 747
615 746
615 745
615 744
615 743
615 742
615 741
615 740
615 739
615 738
616 737
616 736
616 735
616 734
616 733
616 732
616 731
616 730
616 729
617 728
617 727
617 726
617 725
617 724
617 723
617 722
617 721
617 720
618 719
618 718
618 717
618 716
618 715
618 714
618 713
618 712
618 711
619 710
619 709
619 708
619 707
619 706
619 705
619 704
619 703
619 702
620 701
620 700
620 699
620 698
620 697
620 696
620 695
620 694
620 693
621 692
621 691
621 690
621 689
621 688
621 687
621 686
621 685
621 684
622 683
622 682
622 681
622 680
622 679
622 678
623 677
623 676
623 675
623 674
623 673
623 672
623 671
624 670
624 669
624 668
624 667
624 666
625 665
625 664
625 663
625 662
625 661
625 660
625 659
625 658
625 657
626 656
626 655
626 654
626 653
626 652
626 651
626 650
626 649
626 648
627 647
627 646
627 645
627 644
627 643
627 642
627 641
627 640
627 639
627 638
627 637
627 636
627 635
627 634
627 633
627 632
627 631
627 630
627 629
628 628
627 628
627 627
628 627
629 627
630 627
631 627
632 627
633 627
634 627
635 627
636 627
637 627
638 627
639 628
639 627
638 626
637 626
636 626
635 626
634 626
633 626
632 626
631 626
630 626
629 626
628 626
627 626
626 627
626 628
626 629
626 630
626 631
626 632
626 633
626 634
626 635
626 636
626 637
626 638
626 639
626 640
626 641
626 642
626 643
626 644
626 645
626 646
626 647
625 648
625 649
625 650
625 651
625 652
625 653
625 654
625 655
625 656
624 657
624 658
624 659
624 660
624 661
624 662
624 663
624 664
624 665
623 666
623 667
623 668
623 669
622 670
622 671
622 672
622 673
622 674
622 675
622 676
622 677
621 678
621 679
621 680
621 681
621 682
621 683
620 684
620 685
620 686
620 687
620 688
620 689
620 690
620 691
620 692
619 693
619 694
619 695
619 696
619 697
619 698
619 699
619 700
619 701
618 702
618 703
618 704
618 705
618 706
618 707
618 708
618 709
618 710
617 711
617 712
617 713
617 714
617 715
617 716
617 717
617 718
617 719
616 720
616 721
616 722
616 723
616 724
616 725
616 726
616 727
616 728
615 729
615 730
615 731
615 732
615 733
615 734
615 735
615 736
615 737
614 738
614 739
614 740
614 741
614 742
614 743
614 744
614 745
614 746
613 747
613 748
613 749
613 750
613 751
613 752
613 753
613 754
613 755
612 756
612 757
612 758
612 759
612 760
612 761
612 762
612 763
612 764
611 765
611 766
611 767
611 768
611 769
611 770
611 771
611 772
611 773
610 774
610 775
610 776
610 777
610 778
610 779
610 780
610 781
610 782
609 783
609 784
609 785
609 786
609 787
609 788
609 789
609 790
609 791
608 792
608 793
608 794
608 795
608 796
608 797
608 798
608 799
608 800
608 801
608 802
608 803
608 804
608 805
608 806
608 807
608 808
608 809
607 809
607 808
607 807
607 806
607 805
607 804
607 803
607 802
607 801
607 800
607 799
607 798
607 797
607 796
607 795
607 794
607 793
607 792
608 791
608 790
608 789
608 788
608 787
608 786
608 785
608 784
608 783
609 782
609 781
609 780
609 779
609 778
609 777
609 776
609 775
609 774
610 773
610 772
610 771
610 770
610 769
610 768
610 767
610 766
610 765
611 764
611 763
611 762
611 761
611 760
611 759
611 758
611 757
611 756
612 755
612 754
612 753
612 752
612 751
612 750
612 749
612 748
612 747
613 746
613 745
613 744
613 743
613 742
613 741
613 740
613 739
613 738
614 737
614 736
614 735
614 734
614 733
614 732
614 731
614 730
614 729
615 728
615 727
615 726
615 725
615 724
615 723
615 722
615 721
615 720
616 719
616 718
616 717
616 716
616 715
616 714
616 713
616 712
616 711
617 710
617 709
617 708
617 707
617 706
617 705
617 704
617 703
617 702
618 701
618 700
618 699
618 698
618 697
618 696
618 695
618 694
618 693
619 692
619 691
619 690
619 689
619 688
619 687
619 686
619 685
619 684
620 683
620 682
620 681
620 680
620 679
620 678
621 677
621 676
621 675
621 674
621 673
621 672
621 671
621 670
621 669
622 668
622 667
622 666
623 665
623 664
623 663
623 662
623 661
623 660
623 659
623 658
623 657
624 656
624 655
624 654
624 653
624 652
624 651
624 650
624 649
624 648
625 647
625 646
625 645
625 644
625 643
625 642
625 641
625 640
625 639
625 638
625 637
625 636
625 635
625 634
625 633
625 632
625 631
625 630
625 629
625 628
625 627
626 626
625 626
625 625
626 625
627 625
628 625
629 625
630 625
631 625
632 625
633 625
634 625
635 625
636 625
637 625
638 625
639 626
639 625
638 624
637 624
636 624
635 624
634 624
633 624
632 624
631 624
630 624
629 624
628 624
627 624
626 624
625 624
624 625
624 626
624 627
624 628
624 629
624 630
624 631
624 632
624 633
624 634
624 635
624 636
624 637
624 638
624 639
624 640
624 641
624 642
624 643
624 644
624 645
624 646
624 647
623 648
623 649
623 650
623 651
623 652
623 653
623 654
623 655
623 656
622 657
622 658
622 659
622 660
622 661
622 662
622 663
622 664
622 665
621 666
621 667
621 665
621 664
621 663
621 662
621 661
621 660
621 659
621 658
621 657
622 656
622 655
622 654
622 653
622 652
622 651
622 650
622 649
622 648
623 647
623 646
623 645
623 644
623 643
623 642
623 641
623 640
623 639
623 638
623 637
623 636
623 635
623 634
623 633
623 632
623 631
623 630
623 629
623 628
623 627
623 626
623 625
624 624
623 624
623 623
624 623
625 623
626 623
627 623
628 623
629 623
630 623
631 623
632 623
633 623
634 623
635 623
636 623
637 623
638 623
639 624
639 623
638 622
637 622
636 622
635 622
634 622
633 622
632 622
631 622
630 622
629 622
628 622
627 622
626 622
625 622
624 622
623 622
622 623
622 624
622 625
622 626
622 627
622 628
622 629
622 630
622 631
622 632
622 633
622 634
622 635
622 636
622 637
622 638
622 639
622 640
622 641
622 642
622 643
622 644
622 645
622 646
622 647
621 648
621 649
621 650
621 651
621 652
621 653
621 654
621 655
621 656
620 657
620 658
620 659
620 660
620 661
620 662
620 663
620 664
620 665
620 666
619 667
620 668
620 669
620 670
620 671
620 672
620 673
620 674
620 675
620 676
620 677
619 678
619 679
619 680
619 681
619 682
619 683
618 684
618 685
618 686
618 687
618 688
618 689
618 690
618 691
618 692
617 693
617 694
617 695
617 696
617 697
617 698
617 699
617 700
617 701
616 702
616 703
616 704
616 705
616 706
616 707
616 708
616 709
616 710
615 711
615 712
615 713
615 714
615 715
615 716
615 717
615 718
615 719
614 720
614 721
614 722
614 723
614 724
614 725
614 726
614 727
614 728
613 729
613 730
613 731
613 732
613 733
613 734
613 735
613 736
613 737
612 738
612 739
612 740
612 741
612 742
612 743
612 744
612 745
612 746
611 747
611 748
611 749
611 750
611 751
611 752
611 753
611 754
611 755
610 756
610 757
610 758
610 759
610 760
610 761
610 762
610 763
610 764
609 765
609 766
609 767
609 768
609 769
609 770
609 771
609 772
609 773
608 774
608 775
608 776
608 777
608 778
608 779
608 780
608 781
608 782
607 783
607 784
607 785
607 786
607 787
607 788
607 789
607 790
607 791
606 792
606 793
606 794
606 795
606 796
606 797
606 798
606 799
606 800
606 801
606 802
606 803
606 804
606 805
606 806
606 807
606 808
606 809
606 810
605 811
605 810
605 809
605 808
605 807
605 806
605 805
605 804
605 803
605 802
605 801
605 800
605 799
605 798
605 797
605 796
605 795
605 794
605 793
605 792
606 791
606 790
606 789
606 788
606 787
606 786
606 785
606 784
606 783
607 782
607 781
607 780
607 779
607 778
607 777
607 776
607 775
607 774
608 773
608 772
608 771
608 770
608 769
608 768
608 767
608 766
608 765
609 764
609 763
609 762
609 761
609 760
609 759
609 758
609 757
609 756
610 755
610 754
610 753
610 752
610 751
610 750
610 749
610 748
610 747
611 746
611 745
611 744
611 743
611 742
611 741
611 740
611 739
611 738
612 737
612 736
612 735
612 734
612 733
612 732
612 731
612 730
612 729
613 728
613 727
613 726
613 725
613 724
613 723
613 722
613 721
613 720
614 719
614 718
614 717
614 716
614 715
614 714
614 713
614 712
614 711
615 710
615 709
615 708
615 707
615 706
615 705
615 704
615 703
615 702
616 701
616 700
616 699
616 698
616 697
616 696
616 695
616 694
616 693
617 692
617 691
617 690
617 689
617 688
617 687
617 686
617 685
617 684
618 683
618 682
618 681
618 680
618 679
618 678
619 677
619 676
619 675
619 674
619 673
619 672
619 671
619 670
619 669
619 668
618 669
618 670
618 671
618 672
618 673
618 674
618 675
618 676
618 677
617 678
617 679
617 680
617 681
617 682
617 683
616 684
616 685
616 686
616 687
616 688
616 689
616 690
616 691
616 692
615 693
615 694
615 695
615 696
615 697
615 698
615 699
615 700
615 701
614 702
614 703
614 704
614 705
614 706
614 707
614 708
614 709
614 710
613 711
613 712
613 713
613 714
613 715
613 716
613 717
613 718
613 719
612 720
612 721
612 722
612 723
612 724
612 725
612 726
612 727
612 728
611 729
611 730
611 731
611 732
611 733
611 734
611 735
611 736
611 737
610 738
610 739
610 740
610 741
610 742
610 743
610 744
610 745
610 746
609 747
609 748
609 749
609 750
609 751
609 752
609 753
609 754
609 755
608 756
608 757
608 758
608 759
608 760
608 761
608 762
608 763
608 764
607 765
607 766
607 767
607 768
607 769
607 770
607 771
607 772
607 773
606 774
606 775
606 776
606 777
606 778
606 779
606 780
606 781
606 782
605 783
605 784
605 785
605 786
605 787
605 788
605 789
605 790
605 791
604 792
604 793
604 794
604 795
604 796
604 797
604 798
604 799
604 800
604 801
604 802
604 803
604 804
604 805
604 806
604 807
604 808
604 809
604 810
604 811
603 812
603 811
603 810
603 809
603 808
603 807
603 806
603 805
603 804
603 803
603 802
603 801
603 800
603 799
603 798
603 797
603 796
603 795
603 794
603 793
603 792
604 791
604 790
604 789
604 788
604 787
604 786
604 785
604 784
604 783
605 782
605 781
605 780
605 779
605 778
605 777
605 776
605 775
605 774
606 773
606 772
606 771
606 770
606 769
606 768
606 767
606 766
606 765
607 764
607 763
607 762
607 761
607 760
607 759
607 758
607 757
607 756
608 755
608 754
608 753
608 752
608 751
608 750
608 749
608 748
608 747
609 746
609 745
609 744
609 743
609 742
609 741
609 740
609 739
609 738
610 737
610 736
610 735
610 734
610 733
610 732
610 731
610 730
610 729
611 728
611 727
611 726
611 725
611 724
611 723
611 722
611 721
611 720
612 719
612 718
612 717
612 716
612 715
612 714
612 713
612 712
612 711
613 710
613 709
613 708
613 707
613 706
613 705
613 704
613 703
613 702
614 701
614 700
614 699
614 698
614 697
614 696
614 695
614 694
614 693
615 692
615 691
615 690
615 689
615 688
615 687
615 686
615 685
615 684
616 683
616 682
616 681
616 680
616 679
616 678
617 677
617 676
617 675
617 674
617 673
617 672
617 671
617 670
617 669
618 668
618 667
618 666
619 665
619 664
619 663
619 662
619 661
619 660
619 659
619 658
619 657
620 656
620 655
620 654
620 653
620 652
620 651
620 650
620 649
620 648
621 647
621 646
621 645
621 644
621 643
621 642
621 641
621 640
621 639
621 638
621 637
621 636
621 635
621 634
621 633
621 632
621 631
621 630
621 629
621 628
621 627
621 626
621 625
621 624
621 623
622 622
621 622
621 621
622 621
623 621
624 621
625 621
626 621
627 621
628 621
629 621
630 621
631 621
632 621
633 621
634 621
635 621
636 621
637 621
638 621
639 622
639 621
638 620
637 620
636 620
635 620
634 620
633 620
632 620
631 620
630 620
629 620
628 620
627 620
626 620
625 620
624 620
623 620
622 620
621 620
620 621
620 622
620 623
620 624
620 625
620 626
620 627
620 628
620 629
620 630
620 631
620 632
620 633
620 634
620 635
620 636
620 637
620 638
620 639
620 640
620 641
620 642
620 643
620 644
620 645
620 646
620 647
619 648
619 649
619 650
619 651
619 652
619 653
619 654
619 655
619 656
618 657
618 658
618 659
618 660
618 661
618 662
618 663
618 664
617 665
617 666
617 667
617 668
616 669
616 670
616 671
616 672
616 673
616 674
616 675
616 676
616 677
615 678
615 679
615 680
615 681
615 682
615 683
614 684
614 685
614 686
614 687
614 688
614 689
614 690
614 691
614 692
613 693
613 694
613 695
613 696
613 697
613 698
613 699
613 700
613 701
612 702
612 703
612 704
612 705
612 706
612 707
612 708
612 709
612 710
611 711
611 712
611 713
611 714
611 715
611 716
611 717
611 718
611 719
610 720
610 721
610 722
610 723
610 724
610 725
610 726
610 727
610 728
609 729
609 730
609 731
609 732
609 733
609 734
609 735
609 736
609 737
608 738
608 739
608 740
608 741
608 742
608 743
608 744
608 745
608 746
607 747
607 748
607 749
607 750
607 751
607 752
607 753
607 754
607 755
606 756
606 757
606 758
606 759
606 760
606 761
606 762
606 763
606 764
605 765
605 766
605 767
605 768
605 769
605 770
605 771
605 772
605 773
604 774
604 775
604 776
604 777
604 778
604 779
604 780
604 781
604 782
603 783
603 784
603 785
603 786
603 787
603 788
603 789
603 790
603 791
602 792
602 793
602 794
602 795
602 796
602 797
602 798
602 799
602 800
602 801
602 802
602 803
602 804
602 805
602 806
602 807
602 808
602 809
602 810
602 811
602 812
602 813
601 813
601 812
601 811
601 810
601 809
601 808
601 807
601 806
601 805
601 804
601 803
601 802
601 801
601 800
601 799
601 798
601 797
601 796
601 795
601 794
601 793
601 792
602 791
602 790
602 789
602 788
602 787
602 786
602 785
602 784
602 783
603 782
603 781
603 780
603 779
603 778
603 777
603 776
603 775
603 774
604 773
604 772
604 771
604 770
604 769
604 768
604 767
604 766
604 765
605 764
605 763
605 762
605 761
605 760
605 759
605 758
605 757
605 756
606 755
606 754
606 753
606 752
606 751
606 750
606 749
606 748
606 747
607 746
607 745
607 744
607 743
607 742
607 741
607 740
607 739
607 738
608 737
608 736
608 735
608 734
608 733
608 732
608 731
608 730
608 729
609 728
609 727
609 726
609 725
609 724
609 723
609 722
609 721
609 720
610 719
610 718
610 717
610 716
610 715
610 714
610 713
610 712
610 711
611 710
611 709
611 708
611 707
611 706
611 705
611 704
611 703
611 702
612 701
612 700
612 699
612 698
612 697
612 696
612 695
612 694
612 693
613 692
613 691
613 690
613 689
613 688
613 687
613 686
613 685
613 684
614 683
614 682
614 681
614 680
614 679
614 678
615 677
615 676
615 675
615 674
615 673
615 672
615 671
615 670
615 669
616 668
616 667
616 666
616 665
616 664
617 663
617 662
617 661
617 660
617 659
617 658
617 657
618 656
618 655
618 654
618 653
618 652
618 651
618 650
618 649
618 648
619 647
619 646
619 645
619 644
619 643
619 642
619 641
619 640
619 639
619 638
619 637
619 636
619 635
619 634
619 633
619 632
619 631
619 630
619 629
619 628
619 627
619 626
619 625
619 624
619 623
619 622
619 621
620 620
619 620
619 619
620 619
621 619
622 619
623 619
624 619
625 619
626 619
627 619
628 619
629 619
630 619
631 619
632 619
633 619
634 619
635 619
636 619
637 619
638 619
639 620
640 620
639 619
640 619
639 618
638 618
637 618
636 618
635 618
634 618
633 618
632 618
631 618
630 618
629 618
628 618
627 618
626 618
625 618
624 618
623 618
622 618
621 618
620 618
619 618
618 619
618 620
618 621
618 622
618 623
618 624
618 625
618 626
618 627
618 628
618 629
618 630
618 631
618 632
618 633
618 634
618 635
618 636
618 637
618 638
618 639
618 640
618 641
618 642
618 643
618 644
618 645
618 646
618 647
617 648
617 649
617 650
617 651
617 652
617 653
617 654
617 655
617 656
616 657
616 658
616 659
616 660
616 661
616 662
615 663
615 664
615 665
615 666
615 667
615 668
614 669
614 670
614 671
614 672
614 673
614 674
614 675
614 676
614 677
613 678
613 679
613 680
613 681
613 682
613 683
612 684
612 685
612 686
612 687
612 688
612 689
612 690
612 691
612 692
611 693
611 694
611 695
611 696
611 697
611 698
611 699
611 700
611 701
610 702
610 703
610 704
610 705
610 706
610 707
610 708
610 709
610 710
609 711
609 712
609 713
609 714
609 715
609 716
609 717
609 718
609 719
608 720
608 721
608 722
608 723
608 724
608 725
608 726
608 727
608 728
607 729
607 730
607 731
607 732
607 733
607 734
607 735
607 736
607 737
606 738
606 739
606 740
606 741
606 742
606 743
606 744
606 745
606 746
605 747
605 748
605 749
605 750
605 751
605 752
605 753
605 754
605 755
604 756
604 757
604 758
604 759
604 760
604 761
604 762
604 763
604 764
603 765
603 766
603 767
603 768
603 769
603 770
603 771
603 772
603 773
602 774
602 775
602 776
602 777
602 778
602 779
602 780
602 781
602 782
601 783
601 784
601 785
601 786
601 787
601 788
601 789
601 790
601 791
600 792
600 793
600 794
600 795
600 796
600 797
600 798
600 799
600 800
600 801
600 802
600 803
600 804
600 805
600 806
600 807
600 808
600 809
600 810
600 811
600 812
600 813
600 814
599 815
599 814
599 813
599 812
599 811
599 810
599 809
599 808
599 807
599 806
599 805
599 804
599 803
599 802
599 801
599 800
599 799
599 798
599 797
599 796
599 795
599 794
599 793
599 792
600 791
600 790
600 789
600 788
600 787
600 786
600 785
600 784
600 783
601 782
601 781
601 780
601 779
601 778
601 777
601 776
601 775
601 774
602 773
602 772
602 771
602 770
602 769
602 768
602 767
602 766
602 765
603 764
603 763
603 762
603 761
603 760
603 759
603 758
603 757
603 756
604 755
604 754
604 753
604 752
604 751
604 750
604 749
604 748
604 747
605 746
605 745
605 744
605 743
605 742
605 741
605 740
605 739
605 738
606 737
606 736
606 735
606 734
606 733
606 732
606 731
606 730
606 729
607 728
607 727
607 726
607 725
607 724
607 723
607 722
607 721
607 720
608 719
608 718
608 717
608 716
608 715
608 714
608 713
608 712
608 711
609 710
609 709
609 708
609 707
609 706
609 705
609 704
609 703
609 702
610 701
610 700
610 699
610 698
610 697
610 696
610 695
610 694
610 693
611 692
611 691
611 690
611 689
611 688
611 687
611 686
611 685
611 684
612 683
612 682
612 681
612 680
612 679
612 678
613 677
613 676
613 675
613 674
613 673
613 672
613 671
613 670
613 669
614 668
614 667
614 666
614 665
614 664
614 663
614 662
615 661
615 660
615 659
615 658
615 657
616 656
616 655
616 654
616 653
616 652
616 651
616 650
616 649
616 648
617 647
617 646
617 645
617 644
617 643
617 642
617 641
617 640
617 639
617 638
617 637
617 636
617 635
617 634
617 633
617 632
617 631
617 630
617 629
617 628
617 627
617 626
617 625
617 624
617 623
617 622
617 621
617 620
617 619
618 618
617 618
617 617
618 617
619 617
620 617
621 617
622 617
623 617
624 617
625 617
626 617
627 617
628 617
629 617
630 617
631 617
632 617
633 617
634 617
635 617
636 617
637 617
638 617
639 617
640 618
640 617
639 616
638 616
637 616
636 616
635 616
634 616
633 616
632 616
631 616
630 616
629 616
628 616
627 616
626 616
625 616
624 616
623 616
622 616
621 616
620 616
619 616
618 616
617 616
616 617
616 618
616 619
616 620
616 621
616 622
616 623
616 624
616 625
616 626
616 627
616 628
616 629
616 630
616 631
616 632
616 633
616 634
616 635
616 636
616 637
616 638
616 639
616 640
616 641
616 642
616 643
616 644
616 645
616 646
616 647
615 648
615 649
615 650
615 651
615 652
615 653
615 654
615 655
615 656
614 657
614 658
614 659
614 660
613 661
613 662
613 663
613 664
613 665
613 666
613 667
613 668
612 669
612 670
612 671
612 672
612 673
612 674
612 675
612 676
612 677
611 678
611 679
611 680
611 681
611 682
611 683
610 684
610 685
610 686
610 687
610 688
610 689
610 690
610 691
610 692
609 693
609 694
609 695
609 696
609 697
609 698
609 699
609 700
609 701
608 702
608 703
608 704
608 705
608 706
608 707
608 708
608 709
608 710
607 711
607 712
607 713
607 714
607 715
607 716
607 717
607 718
607 719
606 720
606 721
606 722
606 723
606 724
606 725
606 726
606 727
606 728
605 729
605 730
605 731
605 732
605 733
605 734
605 735
605 736
605 737
604 738
604 739
604 740
604 741
604 742
604 743
604 744
604 745
604 746
603 747
603 748
603 749
603 750
603 751
603 752
603 753
603 754
603 755
602 756
602 757
602 758
602 759
602 760
602 761
602 762
602 763
602 764
601 765
601 766
601 767
601 768
601 769
601 770
601 771
601 772
601 773
600 774
600 775
600 776
600 777
600 778
600 779
600 780
600 781
600 782
599 783
599 784
599 785
599 786
599 787
599 788
599 789
599 790
599 791
598 792
598 793
598 794
598 795
598 796
598 797
598 798
598 799
598 800
598 801
598 802
598 803
598 804
598 805
598 806
598 807
598 808
598 809
598 810
598 811
598 812
598 813
598 814
598 815
597 816
597 815
597 814
597 813
597 812
597 811
597 810
597 809
597 808
597 807
597 806
597 805
597 804
597 803
597 802
597 801
597 800
597 799
597 798
597 797
597 796
597 795
597 794
597 793
597 792
598 791
598 790
598 789
598 788
598 787
598 786
598 785
598 784
598 783
599 782
599 781
599 780
599 779
599 778
599 777
599 776
599 775
599 774
600 773
600 772
600 771
600 770
600 769
600 768
600 767
600 766
600 765
601 764
601 763
601 762
601 761
601 760
601 759
601 758
601 757
601 756
602 755
602 754
602 753
602 752
602 751
602 750
602 749
602 748
602 747
603 746
603 745
603 744
603 743
603 742
603 741
603 740
603 739
603 738
604 737
604 736
604 735
604 734
604 733
604 732
604 731
604 730
604 729
605 728
605 727
605 726
605 725
605 724
605 723
605 722
605 721
605 720
606 719
606 718
606 717
606 716
606 715
606 714
606 713
606 712
606 711
607 710
607 709
607 708
607 707
607 706
607 705
607 704
607 703
607 702
608 701
608 700
608 699
608 698
608 697
608 696
608 695
608 694
608 693
609 692
609 691
609 690
609 689
609 688
609 687
609 686
609 685
609 684
610 683
610 682
610 681
610 680
610 679
610 678
611 677
611 676
611 675
611 674
611 673
611 672
611 671
611 670
611 669
612 668
612 667
612 666
612 665
612 664
612 663
612 662
612 661
612 660
613 659
613 658
613 657
614 656
614 655
614 654
614 653
614 652
614 651
614 650
614 649
614 648
615 647
615 646
615 645
615 644
615 643
615 642
615 641
615 640
615 639
615 638
615 637
615 636
615 635
615 634
615 633
615 632
615 631
615 630
615 629
615 628
615 627
615 626
615 625
615 624
615 623
615 622
615 621
615 620
615 619
615 618
615 617
616 616
615 616
615 615
616 615
617 615
618 615
619 615
620 615
621 615
622 615
623 615
624 615
625 615
626 615
627 615
628 615
629 615
630 615
631 615
632 615
633 615
634 615
635 615
636 615
637 615
638 615
639 615
640 616
640 615
639 614
638 614
637 614
636 614
635 614
634 614
633 614
632 614
631 614
630 614
629 614
628 614
627 614
626 614
625 614
624 614
623 614
622 614
621 614
620 614
619 614
618 614
617 614
616 614
615 614
614 615
614 616
614 617
614 618
614 619
614 620
614 621
614 622
614 623
614 624
614 625
614 626
614 627
614 628
614 629
614 630
614 631
614 632
614 633
614 634
614 635
614 636
614 637
614 638
614 639
614 640
614 641
614 642
614 643
614 644
614 645
614 646
614 647
613 648
613 649
613 650
613 651
613 652
613 653
613 654
613 655
613 656
612 657
612 658
612 656
612 655
612 654
612 653
612 652
612 651
612 650
612 649
612 648
613 647
613 646
613 645
613 644
613 643
613 642
613 641
613 640
613 639
613 638
613 637
613 636
613 635
613 634
613 633
613 632
613 631
613 630
613 629
613 628
613 627
613 626
613 625
613 624
613 623
613 622
613 621
613 620
613 619
613 618
613 617
613 616
613 615
614 614
613 614
613 613
614 613
615 613
616 613
617 613
618 613
619 613
620 613
621 613
622 613
623 613
624 613
625 613
626 613
627 613
628 613
629 613
630 613
631 613
632 613
633 613
634 613
635 613
636 613
637 613
638 613
639 613
640 614
640 613
639 612
638 612
637 612
636 612
635 612
634 612
633 612
632 612
631 612
630 612
629 612
628 612
627 612
626 612
625 612
624 612
623 612
622 612
621 612
620 612
619 612
618 612
617 612
616 612
615 612
614 612
613 612
612 613
612 614
612 615
612 616
612 617
612 618
612 619
612 620
612 621
612 622
612 623
612 624
612 625
612 626
612 627
612 628
612 629
612 630
612 631
612 632
612 633
612 634
612 635
612 636
612 637
612 638
612 639
612 640
612 641
612 642
612 643
612 644
612 645
612 646
612 647
611 648
611 649
611 650
611 651
611 652
611 653
611 654
611 655
611 656
611 657
610 658
611 659
611 660
611 661
611 662
611 663
611 664
611 665
611 666
611 667
611 668
610 669
610 670
610 671
610 672
610 673
610 674
610 675
610 676
610 677
609 678
609 679
609 680
609 681
609 682
609 683
608 684
608 685
608 686
608 687
608 688
608 689
608 690
608 691
608 692
607 693
607 694
607 695
607 696
607 697
607 698
607 699
607 700
607 701
606 702
606 703
606 704
606 705
606 706
606 707
606 708
606 709
606 710
605 711
605 712
605 713
605 714
605 715
605 716
605 717
605 718
605 719
604 720
604 721
604 722
604 723
604 724
604 725
604 726
604 727
604 728
603 729
603 730
603 731
603 732
603 733
603 734
603 735
603 736
603 737
602 738
602 739
602 740
602 741
602 742
602 743
602 744
602 745
602 746
601 747
601 748
601 749
601 750
601 751
601 752
601 753
601 754
601 755
600 756
600 757
600 758
600 759
600 760
600 761
600 762
600 763
600 764
599 765
599 766
599 767
599 768
599 769
599 770
599 771
599 772
599 773
598 774
598 775
598 776
598 777
598 778
598 779
598 780
598 781
598 782
597 783
597 784
597 785
597 786
597 787
597 788
597 789
597 790
597 791
596 792
596 793
596 794
596 795
596 796
596 797
596 798
596 799
596 800
596 801
596 802
596 803
596 804
596 805
596 806
596 807
596 808
596 809
596 810
596 811
596 812
596 813
596 814
596 815
596 816
596 817
595 817
595 816
595 815
595 814
595 813
595 812
595 811
595 810
595 809
595 808
595 807
595 806
595 805
595 804
595 803
595 802
595 801
595 800
595 799
595 798
595 797
595 796
595 795
595 794
595 793
595 792
596 791
596 790
596 789
596 788
596 787
596 786
596 785
596 784
596 783
597 782
597 781
597 780
597 779
597 778
597 777
597 776
597 775
597 774
598 773
598 772
598 771
598 770
598 769
598 768
598 767
598 766
598 765
599 764
599 763
599 762
599 761
599 760
599 759
599 758
599 757
599 756
600 755
600 754
600 753
600 752
600 751
600 750
600 749
600 748
600 747
601 746
601 745
601 744
601 743
601 742
601 741
601 740
601 739
601 738
602 737
602 736
602 735
602 734
602 733
602 732
602 731
602 730
602 729
603 728
603 727
603 726
603 725
603 724
603 723
603 722
603 721
603 720
604 719
604 718
604 717
604 716
604 715
604 714
604 713
604 712
604 711
605 710
605 709
605 708
605 707
605 706
605 705
605 704
605 703
605 702
606 701
606 700
606 699
606 698
606 697
606 696
606 695
606 694
606 693
607 692
607 691
607 690
607 689
607 688
607 687
607 686
607 685
607 684
608 683
608 682
608 681
608 680
608 679
608 678
609 677
609 676
609 675
609 674
609 673
609 672
609 671
609 670
609 669
610 668
610 667
610 666
610 665
610 664
610 663
610 662
610 661
610 660
610 659
609 660
609 661
609 662
609 663
609 664
609 665
609 666
609 667
609 668
608 669
608 670
608 671
608 672
608 673
608 674
608 675
608 676
608 677
607 678
607 679
607 680
607 681
607 682
607 683
606 684
606 685
606 686
606 687
606 688
606 689
606 690
606 691
606 692
605 693
605 694
605 695
605 696
605 697
605 698
605 699
605 700
605 701
604 702
604 703
604 704
604 705
604 706
604 707
604 708
604 709
604 710
603 711
603 712
603 713
603 714
603 715
603 716
603 717
603 718
603 719
602 720
602 721
602 722
602 723
602 724
602 725
602 726
602 727
602 728
601 729
601 730
601 731
601 732
601 733
601 734
601 735
601 736
601 737
600 738
600 739
600 740
600 741
600 742
600 743
600 744
600 745
600 746
599 747
599 748
599 749
599 750
599 751
599 752
599 753
599 754
599 755
598 756
598 757
598 758
598 759
598 760
598 761
598 762
598 763
598 764
597 765
597 766
597 767
597 768
597 769
597 770
597 771
597 772
597 773
596 774
596 775
596 776
596 777
596 778
596 779
596 780
596 781
596 782
595 783
595 784
595 785
595 786
595 787
595 788
595 789
595 790
595 791
594 792
594 793
594 794
594 795
594 796
594 797
594 798
594 799
594 800
594 801
594 802
594 803
594 804
594 805
594 806
594 807
594 808
594 809
594 810
594 811
594 812
594 813
594 814
594 815
594 816
594 817
594 818
593 819
593 818
593 817
593 816
593 815
593 814
593 813
593 812
593 811
593 810
593 809
593 808
593 807
593 806
593 805
593 804
593 803
593 802
593 801
593 800
593 799
593 798
593 797
593 796
593 795
593 794
593 793
593 792
594 791
594 790
594 789
594 788
594 787
594 786
594 785
594 784
594 783
595 782
595 781
595 780
595 779
595 778
595 777
595 776
595 775
595 774
596 773
596 772
596 771
596 770
596 769
596 768
596 767
596 766
596 765
597 764
597 763
597 762
597 761
597 760
597 759
597 758
597 757
597 756
598 755
598 754
598 753
598 752
598 751
598 750
598 749
598 748
598 747
599 746
599 745
599 744
599 743
599 742
599 741
599 740
599 739
599 738
600 737
600 736
600 735
600 734
600 733
600 732
600 731
600 730
600 729
601 728
601 727
601 726
601 725
601 724
601 723
601 722
601 721
601 720
602 719
602 718
602 717
602 716
602 715
602 714
602 713
602 712
602 711
603 710
603 709
603 708
603 707
603 706
603 705
603 704
603 703
603 702
604 701
604 700
604 699
604 698
604 697
604 696
604 695
604 694
604 693
605 692
605 691
605 690
605 689
605 688
605 687
605 686
605 685
605 684
606 683
606 682
606 681
606 680
606 679
606 678
607 677
607 676
607 675
607 674
607 673
607 672
607 671
607 670
607 669
608 668
608 667
608 666
608 665
608 664
608 663
608 662
608 661
608 660
609 659
609 658
609 657
610 656
610 655
610 654
610 653
610 652
610 651
610 650
610 649
610 648
611 647
611 646
611 645
611 644
611 643
611 642
611 641
611 640
611 639
611 638
611 637
611 636
611 635
611 634
611 633
611 632
611 631
611 630
611 629
611 628
611 627
611 626
611 625
611 624
611 623
611 622
611 621
611 620
611 619
611 618
611 617
611 616
611 615
611 614
611 613
612 612
611 612
611 611
612 611
613 611
614 611
615 611
616 611
617 611
618 611
619 611
620 611
621 611
622 611
623 611
624 611
625 611
626 611
627 611
628 611
629 611
630 611
631 611
632 611
633 611
634 611
635 611
636 611
637 611
638 611
639 611
640 612
640 611
641 611
640 610
639 610
638 610
637 610
636 610
635 610
634 610
633 610
632 610
631 610
630 610
629 610
628 610
627 610
626 610
625 610
624 610
623 610
622 610
621 610
620 610
619 610
618 610
617 610
616 610
615 610
614 610
613 610
612 610
611 610
610 611
610 612
610 613
610 614
610 615
610 616
610 617
610 618
610 619
610 620
610 621
610 622
610 623
610 624
610 625
610 626
610 627
610 628
610 629
610 630
610 631
610 632
610 633
610 634
610 635
610 636
610 637
610 638
610 639
610 640
610 641
610 642
610 643
610 644
610 645
610 646
610 647
609 648
609 649
609 650
609 651
609 652
609 653
609 654
609 655
608 656
608 657
608 658
608 659
607 660
607 661
607 662
607 663
607 664
607 665
607 666
607 667
607 668
606 669
606 670
606 671
606 672
606 673
606 674
606 675
606 676
606 677
605 678
605 679
605 680
605 681
605 682
605 683
604 684
604 685
604 686
604 687
604 688
604 689
604 690
604 691
604 692
603 693
603 694
603 695
603 696
603 697
603 698
603 699
603 700
603 701
602 702
602 703
602 704
602 705
602 706
602 707
602 708
602 709
602 710
601 711
601 712
601 713
601 714
601 715
601 716
601 717
601 718
601 719
600 720
600 721
600 722
600 723
600 724
600 725
600 726
600 727
600 728
599 729
599 730
599 731
599 732
599 733
599 734
599 735
599 736
599 737
598 738
598 739
598 740
598 741
598 742
598 743
598 744
598 745
598 746
597 747
597 748
597 749
597 750
597 751
597 752
597 753
597 754
597 755
596 756
596 757
596 758
596 759
596 760
596 761
596 762
596 763
596 764
595 765
595 766
595 767
595 768
595 769
595 770
595 771
595 772
595 773
594 774
594 775
594 776
594 777
594 778
594 779
594 780
594 781
594 782
593 783
593 784
593 785
593 786
593 787
593 788
593 789
593 790
593 791
592 792
592 793
592 794
592 795
592 796
592 797
592 798
592 799
592 800
592 801
592 802
592 803
592 804
592 805
592 806
592 807
592 808
592 809
592 810
592 811
592 812
592 813
592 814
592 815
592 816
592 817
592 818
592 819
591 820
591 819
591 818
591 817
591 816
591 815
591 814
591 813
591 812
591 811
591 810
591 809
591 808
591 807
591 806
591 805
591 804
591 803
591 802
591 801
591 800
591 799
591 798
591 797
591 796
591 795
591 794
591 793
591 792
592 791
592 790
592 789
592 788
592 787
592 786
592 785
592 784
592 783
593 782
593 781
593 780
593 779
593 778
593 777
593 776
593 775
593 774
594 773
594 772
594 771
594 770
594 769
594 768
594 767
594 766
594 765
595 764
595 763
595 762
595 761
595 760
595 759
595 758
595 757
595 756
596 755
596 754
596 753
596 752
596 751
596 750
596 749
596 748
596 747
597 746
597 745
597 744
597 743
597 742
597 741
597 740
597 739
597 738
598 737
598 736
598 735
598 734
598 733
598 732
598 731
598 730
598 729
599 728
599 727
599 726
599 725
599 724
599 723
599 722
599 721
599 720
600 719
600 718
600 717
600 716
600 715
600 714
600 713
600 712
600 711
601 710
601 709
601 708
601 707
601 706
601 705
601 704
601 703
601 702
602 701
602 700
602 699
602 698
602 697
602 696
602 695
602 694
602 693
603 692
603 691
603 690
603 689
603 688
603 687
603 686
603 685
603 684
604 683
604 682
604 681
604 680
604 679
604 678
605 677
605 676
605 675
605 674
605 673
605 672
605 671
605 670
605 669
606 668
606 667
606 666
606 665
606 664
606 663
606 662
606 661
606 660
607 659
607 658
607 657
607 656
607 655
608 654
608 653
608 652
608 651
608 650
608 649
608 648
609 647
609 646
609 645
609 644
609 643
609 642
609 641
609 640
609 639
609 638
609 637
609 636
609 635
609 634
609 633
609 632
609 631
609 630
609 629
609 628
609 627
609 626
609 625
609 624
609 623
609 622
609 621
609 620
609 619
609 618
609 617
609 616
609 615
609 614
609 613
609 612
609 611
610 610
609 610
609 609
610 609
611 609
612 609
613 609
614 609
615 609
616 609
617 609
618 609
619 609
620 609
621 609
622 609
623 609
624 609
625 609
626 609
627 609
628 609
629 609
630 609
631 609
632 609
633 609
634 609
635 609
636 609
637 609
638 609
639 609
640 609
641 610
641 609
640 608
639 608
638 608
637 608
636 608
635 608
634 608
633 608
632 608
631 608
630 608
629 608
628 608
627 608
626 608
625 608
624 608
623 608
622 608
621 608
620 608
619 608
618 608
617 608
616 608
615 608
614 608
613 608
612 608
611 608
610 608
609 608
608 609
608 610
608 611
608 612
608 613
608 614
608 615
608 616
608 617
608 618
608 619
608 620
608 621
608 622
608 623
608 624
608 625
608 626
608 627
608 628
608 629
608 630
608 631
608 632
608 633
608 634
608 635
608 636
608 637
608 638
608 639
608 640
608 641
608 642
608 643
608 644
608 645
608 646
608 647
607 648
607 649
607 650
607 651
607 652
607 653
606 654
606 655
606 656
606 657
606 658
606 659
605 660
605 661
605 662
605 663
605 664
605 665
605 666
605 667
605 668
604 669
604 670
604 671
604 672
604 673
604 674
604 675
604 676
604 677
603 678
603 679
603 680
603 681
603 682
603 683
602 684
602 685
602 686
602 687
602 688
602 689
602 690
602 691
602 692
601 693
601 694
601 695
601 696
601 697
601 698
601 699
601 700
601 701
600 702
600 703
600 704
600 705
600 706
600 707
600 708
600 709
600 710
599 711
599 712
599 713
599 714
599 715
599 716
599 717
599 718
599 719
598 720
598 721
598 722
598 723
598 724
598 725
598 726
598 727
598 728
597 729
597 730
597 731
597 732
597 733
597 734
597 735
597 736
597 737
596 738
596 739
596 740
596 741
596 742
596 743
596 744
596 745
596 746
595 747
595 748
595 749
595 750
595 751
595 752
595 753
595 754
595 755
594 756
594 757
594 758
594 759
594 760
594 761
594 762
594 763
594 764
593 765
593 766
593 767
593 768
593 769
593 770
593 771
593 772
593 773
592 774
592 775
592 776
592 777
592 778
592 779
592 780
592 781
592 782
591 783
591 784
591 785
591 786
591 787
591 788
591 789
591 790
591 791
590 792
590 793
590 794
590 795
590 796
590 797
590 798
590 799
590 800
590 801
590 802
590 803
590 804
590 805
590 806
590 807
590 808
590 809
590 810
590 811
590 812
590 813
590 814
590 815
590 816
590 817
590 818
590 819
590 820
590 821
591 822
592 823
593 824
594 825
595 826
596 827
597 828
598 829
599 830
600 831
601 832
602 833
603 834
604 835
605 836
606 837
607 838
608 839
609 840
610 841
611 842
612 843
613 844
614 845
615 845
615 844
615 843
615 842
615 841
615 840
615 839
615 838
615 837
616 836
616 835
616 834
616 833
616 832
616 831
616 830
616 829
616 828
617 827
617 826
617 825
617 824
617 823
617 822
617 821
617 820
617 819
618 818
616 820
616 821
616 822
616 823
616 824
616 825
616 826
616 827
615 828
615 829
615 830
615 831
615 832
615 833
615 834
615 835
615 836
614 837
614 838
614 839
614 840
614 841
614 842
614 843
614 844
613 845
614 846
614 847
614 848
614 849
614 850
614 851
614 852
614 853
614 854
613 855
613 856
613 857
613 858
613 859
613 860
613 861
613 862
613 863
612 864
612 865
612 866
612 867
612 868
612 869
612 870
612 871
612 872
611 873
611 874
611 875
611 876
611 877
611 878
611 879
612 880
613 881
614 882
615 883
616 884
617 885
618 886
619 887
620 888
621 889
622 890
623 891
624 892
625 893
626 894
627 895
628 896
629 897
630 898
631 899
632 900
633 901
633 902
633 900
633 899
633 898
633 897
633 896
634 895
634 894
634 893
634 892
634 891
634 890
634 889
634 888
634 887
635 886
635 885
635 884
635 883
635 882
635 881
635 880
635 879
635 878
635 877
636 876
636 875
636 874
636 873
636 872
636 871
636 870
636 869
636 868
637 867
637 866
637 865
637 864
637 863
637 862
637 861
637 860
637 859
638 858
638 857
638 856
638 855
638 854
638 853
638 852
638 851
638 850
638 849
639 848
639 847
639 846
639 845
639 844
639 843
639 842
639 841
639 840
640 839
640 838
640 837
640 836
640 835
640 834
640 833
640 832
640 831
641 830
641 829
641 828
641 827
641 826
641 825
641 824
641 823
641 822
642 821
642 820
642 819
642 818
642 817
642 816
642 815
641 816
641 817
641 818
641 819
641 820
641 821
640 822
640 823
640 824
640 825
640 826
640 827
640 828
640 829
640 830
639 831
639 832
639 833
639 834
639 835
639 836
639 837
639 838
639 839
638 840
638 841
638 842
638 843
638 844
638 845
638 846
638 847
638 848
637 849
637 850
637 851
637 852
637 853
637 854
637 855
637 856
637 857
637 858
636 859
636 860
636 861
636 862
636 863
636 864
636 865
636 866
636 867
635 868
635 869
635 870
635 871
635 872
635 873
635 874
635 875
635 876
634 877
634 878
634 879
634 880
634 881
634 882
634 883
634 884
634 885
634 886
633 887
633 888
633 889
633 890
633 891
633 892
633 893
633 894
633 895
632 896
632 897
632 898
632 899
631 900
632 901
632 902
631 902
631 901
630 901
630 900
630 899
631 898
631 897
631 896
632 895
632 894
632 893
632 892
632 891
632 890
632 889
632 888
632 887
633 886
633 885
633 884
633 883
633 882
633 881
633 880
633 879
633 878
633 877
634 876
634 875
634 874
634 873
634 872
634 871
634 870
634 869
634 868
635 867
635 866
635 865
635 864
635 863
635 862
635 861
635 860
635 859
636 858
636 857
636 856
636 855
636 854
636 853
636 852
636 851
636 850
636 849
637 848
637 847
637 846
637 845
637 844
637 843
637 842
637 841
637 840
638 839
638 838
638 837
638 836
638 835
638 834
638 833
638 832
638 831
639 830
639 829
639 828
639 827
639 826
639 825
639 824
639 823
639 822
640 821
640 820
640 819
640 818
640 817
640 816
641 815
640 815
639 816
639 817
639 818
639 819
639 820
639 821
638 822
638 823
638 824
638 825
638 826
638 827
638 828
638 829
638 830
637 831
637 832
637 833
637 834
637 835
637 836
637 837
637 838
637 839
636 840
636 841
636 842
636 843
636 844
636 845
636 846
636 847
636 848
635 849
635 850
635 851
635 852
635 853
635 854
635 855
635 856
635 857
635 858
634 859
634 860
634 861
634 862
634 863
634 864
634 865
634 866
634 867
633 868
633 869
633 870
633 871
633 872
633 873
633 874
633 875
633 876
632 877
632 878
632 879
632 880
632 881
632 882
632 883
632 884
632 885
632 886
631 887
631 888
631 889
631 890
631 891
631 892
631 893
631 894
631 895
630 896
630 897
630 895
630 894
630 893
630 892
630 891
630 890
630 889
630 888
630 887
631 886
631 885
631 884
631 883
631 882
631 881
631 880
631 879
631 878
631 877
632 876
632 875
632 874
632 873
632 872
632 871
632 870
632 869
632 868
633 867
633 866
633 865
633 864
633 863
633 862
633 861
633 860
633 859
634 858
634 857
634 856
634 855
634 854
634 853
634 852
634 851
634 850
634 849
635 848
635 847
635 846
635 845
635 844
635 843
635 842
635 841
635 840
636 839
636 838
636 837
636 836
636 835
636 834
636 833
636 832
636 831
637 830
637 829
637 828
637 827
637 826
637 825
637 824
637 823
637 822
638 821
638 820
638 819
638 818
638 817
638 816
637 818
637 819
637 820
637 821
636 822
636 823
636 824
636 825
636 826
636 827
636 828
636 829
636 830
635 831
635 832
635 833
635 834
635 835
635 836
635 837
635 838
635 839
634 840
634 841
634 842
634 843
634 844
634 845
634 846
634 847
634 848
633 849
633 850
633 851
633 852
633 853
633 854
633 855
633 856
633 857
633 858
632 859
632 860
632 861
632 862
632 863
632 864
632 865
632 866
632 867
631 868
631 869
631 870
631 871
631 872
631 873
631 874
631 875
631 876
630 877
630 878
630 879
630 880
630 881
630 882
630 883
630 884
630 885
630 886
629 887
629 888
629 889
629 890
629 891
629 892
629 893
629 894
629 895
629 896
628 897
629 898
629 899
629 900
629 901
628 901
628 900
628 899
628 898
627 899
627 900
627 901
626 901
626 900
626 899
627 898
627 897
627 896
628 895
628 894
628 893
628 892
628 891
628 890
628 889
628 888
628 887
629 886
629 885
629 884
629 883
629 882
629 881
629 880
629 879
629 878
629 877
630 876
630 875
630 874
630 873
630 872
630 871
630 870
630 869
630 868
631 867
631 866
631 865
631 864
631 863
631 862
631 861
631 860
631 859
632 858
632 857
632 856
632 855
632 854
632 853
632 852
632 851
632 850
632 849
633 848
633 847
633 846
633 845
633 844
633 843
633 842
633 841
633 840
634 839
634 838
634 837
634 836
634 835
634 834
634 833
634 832
634 831
635 830
635 829
635 828
635 827
635 826
635 825
635 824
635 823
634 826
634 827
634 828
634 829
634 830
633 831
633 832
633 833
633 834
633 835
633 836
633 837
633 838
633 839
632 840
632 841
632 842
632 843
632 844
632 845
632 846
632 847
632 848
631 849
631 850
631 851
631 852
631 853
631 854
631 855
631 856
631 857
631 858
630 859
630 860
630 861
630 862
630 863
630 864
630 865
630 866
630 867
629 868
629 869
629 870
629 871
629 872
629 873
629 874
629 875
629 876
628 877
628 878
628 879
628 880
628 881
628 882
628 883
628 884
628 885
628 886
627 887
627 888
627 889
627 890
627 891
627 892
627 893
627 894
626 895
626 896
626 897
626 898
625 899
625 900
625 901
624 901
624 900
624 899
625 898
625 897
625 896
625 895
625 894
626 893
626 892
626 891
626 890
626 889
626 888
626 887
627 886
627 885
627 884
627 883
627 882
627 881
627 880
627 879
627 878
627 877
628 876
628 875
628 874
628 873
628 872
628 871
628 870
628 869
628 868
629 867
629 866
629 865
629 864
629 863
629 862
629 861
629 860
629 859
630 858
630 857
630 856
630 855
630 854
630 853
630 852
630 851
630 850
630 849
631 848
631 847
631 846
631 845
631 844
631 843
631 842
631 841
631 840
632 839
632 838
632 837
632 836
632 835
632 834
632 833
632 832
632 831
633 830
633 829
633 828
632 830
632 830
632 830
631 833
631 834
631 835
631 836
631 837
631 838
631 839
630 840
630 841
630 842
630 843
630 844
630 845
630 846
630 847
630 848
629 849
629 850
629 851
629 852
629 853
629 854
629 855
629 856
629 857
629 858
628 859
628 860
628 861
628 862
628 863
628 864
628 865
628 866
628 867
627 868
627 869
627 870
627 871
627 872
627 873
627 874
627 875
627 876
626 877
626 878
626 879
626 880
626 881
626 882
626 883
626 884
626 885
626 886
625 887
625 888
625 889
625 890
625 891
625 892
624 893
624 894
624 895
624 896
624 897
624 898
623 899
623 900
623 901
622 901
622 900
622 899
623 898
623 897
623 896
623 895
623 894
623 893
623 892
624 891
624 890
624 889
624 888
624 887
625 886
625 885
625 884
625 883
625 882
625 881
625 880
625 879
625 878
625 877
626 876
626 875
626 874
626 873
626 872
626 871
626 870
626 869
626 868
627 867
627 866
627 865
627 864
627 863
627 862
627 861
627 860
627 859
628 858
628 857
628 856
628 855
628 854
628 853
628 852
628 851
628 850
628 849
629 848
629 847
629 846
629 845
629 844
629 843
629 842
629 841
629 840
630 839
630 838
630 837
630 836
630 835
629 838
629 839
628 840
628 841
628 842
628 843
628 844
628 845
628 846
628 847
628 848
627 849
627 850
627 851
627 852
627 853
627 854
627 855
627 856
627 857
627 858
626 859
626 860
626 861
626 862
626 863
626 864
626 865
626 866
626 867
625 868
625 869
625 870
625 871
625 872
625 873
625 874
625 875
625 876
624 877
624 878
624 879
624 880
624 881
624 882
624 883
624 884
624 885
624 886
623 887
623 888
623 889
623 890
622 891
622 892
622 893
622 894
622 895
622 896
622 897
622 898
621 899
621 900
621 901
620 901
620 900
620 899
621 898
621 897
621 896
621 895
621 894
621 893
621 892
621 891
621 890
622 889
622 888
622 887
623 886
623 885
623 884
623 883
623 882
623 881
623 880
623 879
623 878
623 877
624 876
624 875
624 874
624 873
624 872
624 871
624 870
624 869
624 868
625 867
625 866
625 865
625 864
625 863
625 862
625 861
625 860
625 859
626 858
626 857
626 856
626 855
626 854
626 853
626 852
626 851
626 850
626 849
627 848
627 847
627 846
627 845
627 844
627 843
626 845
626 846
626 847
626 848
625 849
625 850
625 851
625 852
625 853
625 854
625 855
625 856
625 857
625 858
624 859
624 860
624 861
624 862
624 863
624 864
624 865
624 866
624 867
623 868
623 869
623 870
623 871
623 872
623 873
623 874
623 875
623 876
622 877
622 878
622 879
622 880
622 881
622 882
622 883
622 884
622 885
622 886
621 887
621 888
621 886
621 885
621 884
621 883
621 882
621 881
621 880
621 879
621 878
621 877
622 876
622 875
622 874
622 873
622 872
622 871
622 870
622 869
622 868
623 867
623 866
623 865
623 864
623 863
623 862
623 861
623 860
623 859
624 858
624 857
624 856
624 855
624 854
624 853
624 852
624 851
624 850
623 853
623 854
623 855
623 856
623 857
623 858
622 859
622 860
622 861
622 862
622 863
622 864
622 865
622 866
622 867
621 868
621 869
621 870
621 871
621 872
621 873
621 874
621 875
621 876
620 877
620 878
620 879
620 880
620 881
620 882
620 883
620 884
620 885
620 886
620 887
619 888
620 889
620 890
620 891
620 892
620 893
620 894
620 895
620 896
620 897
620 898
619 899
619 900
619 901
618 901
618 900
618 899
619 898
619 897
619 896
619 895
619 894
619 893
619 892
619 891
619 890
619 889
618 890
618 891
618 892
618 893
618 894
618 895
618 896
618 897
618 898
617 899
617 900
617 901
616 901
616 900
616 899
617 898
617 897
617 896
617 895
617 894
617 893
617 892
617 891
617 890
618 889
618 888
618 887
619 886
619 885
619 884
619 883
619 882
619 881
619 880
619 879
619 878
619 877
620 876
620 875
620 874
620 873
620 872
620 871
620 870
620 869
620 868
621 867
621 866
621 865
621 864
621 863
621 862
621 861
621 860
621 859
622 858
622 857
622 856
622 855
621 858
621 858
621 858
620 860
620 861
620 862
620 863
620 864
620 865
620 866
620 867
619 868
619 869
619 870
619 871
619 872
619 873
619 874
619 875
619 876
618 877
618 878
618 879
618 880
618 881
618 882
618 883
618 884
618 885
617 886
617 887
617 888
617 889
616 890
616 891
616 892
616 893
616 894
616 895
616 896
616 897
616 898
615 899
615 900
615 901
614 902
614 903
614 904
615 905
615 906
615 907
615 908
616 909
616 910
616 911
616 912
617 913
617 914
617 915
617 916
618 917
618 918
618 919
618 920
619 921
619 922
619 923
619 924
620 925
620 926
620 927
620 928
621 929
621 930
621 931
621 932
622 933
622 934
622 935
622 936
623 937
623 938
623 939
623 940
624 941
624 942
624 943
624 944
625 945
625 946
625 947
625 948
626 949
626 950
626 951
626 952
627 953
627 954
627 955
627 956
627 957
627 958
627 959
627 960
626 961
626 962
626 963
626 964
626 965
626 966
626 967
626 968
626 969
626 970
625 971
625 972
625 973
625 974
625 975
625 976
625 977
625 978
625 979
624 980
624 981
624 982
624 983
624 984
624 985
624 986
624 987
624 988
623 989
623 990
623 991
623 992
623 993
623 994
623 995
623 996
623 997
622 998
622 999
622 1000
622 1001
622 1002
622 1003
622 1004
622 1005
622 1006
622 1007
621 1008
621 1009
621 1010
621 1011
621 1012
621 1013
621 1014
621 1015
621 1016
620 1017
620 1018
620 1019
620 1020
620 1021
620 1022
620 1023
620 1024
620 1025
619 1026
619 1027
619 1028
619 1029
619 1030
619 1031
619 1032
619 1033
619 1034
619 1035
618 1036
618 1037
618 1038
618 1039
618 1040
618 1041
618 1042
618 1043
618 1044
617 1045
617 1046
617 1047
617 1048
617 1049
617 1050
617 1051
617 1052
617 1053
616 1054
616 1055
616 1056
616 1057
616 1058
616 1059
616 1060
616 1061
616 1062
616 1063
615 1064
615 1065
615 1066
615 1067
615 1068
615 1069
615 1070
615 1071
615 1072
614 1073
614 1074
614 1075
614 1076
614 1077
614 1078
614 1079
614 1080
614 1081
613 1082
613 1083
613 1084
613 1085
613 1086
613 1087
613 1088
613 1089
613 1090
613 1091
612 1092
612 1093
612 1094
612 1095
612 1096
612 1097
612 1098
612 1099
612 1100
611 1101
611 1102
611 1103
611 1104
611 1105
611 1106
611 1107
611 1108
611 1109
610 1110
610 1111
610 1112
610 1113
610 1114
610 1115
610 1116
610 1117
611 1118
612 1119
613 1120
614 1121
615 1122
616 1123
617 1124
618 1125
619 1126
620 1127
621 1128
622 1129
623 1130
624 1131
625 1132
626 1133
627 1134
628 1135
629 1136
630 1137
631 1138
632 1139
633 1140
634 1141
635 1142
636 1143
637 1144
638 1145
639 1146
640 1147
641 1148
642 1149
643 1150
644 1151
645 1152
646 1153
647 1154
648 1155
649 1156
650 1157
651 1158
652 1159
653 1160
654 1161
655 1162
656 1163
657 1164
658 1165
659 1166
660 1167
661 1168
662 1169
663 1170
664 1171
665 1172
666 1173
667 1174
668 1175
669 1176
670 1177
671 1178
672 1179
673 1180
674 1181
675 1182
676 1183
677 1184
678 1185
679 1186
680 1187
681 1188
682 1189
683 1190
684 1191
685 1192
686 1193
687 1194
688 1195
689 1196
690 1197
691 1198
692 1199
693 1200
694 1201
695 1202
696 1203
697 1204
698 1205
699 1206
700 1207
701 1208
702 1209
703 1210
704 1211
705 1212
706 1213
707 1214
708 1215
709 1216
710 1217
711 1218
712 1219
713 1220
714 1221
715 1222
716 1223
717 1224
718 1225
719 1226
720 1227
721 1228
722 1229
723 1230
724 1231
725 1232
726 1233
727 1234
728 1235
729 1236
730 1237
731 1238
732 1239
733 1240
734 1241
735 1242
736 1243
737 1244
738 1245
739 1246
740 1247
741 1248
742 1249
743 1250
744 1251
745 1252
746 1253
747 1253
748 1252
749 1251
750 1250
751 1249
752 1248
753 1247
754 1246
755 1245
756 1244
757 1243
758 1242
759 1241
760 1240
761 1239
762 1238
763 1237
764 1236
765 1235
766 1234
767 1233
768 1232
769 1231
770 1230
771 1229
772 1228
773 1227
774 1226
775 1225
776 1224
777 1223
778 1222
779 1221
780 1220
781 1219
782 1218
783 1217
784 1216
785 1215
786 1214
787 1213
788 1212
789 1211
790 1210
791 1209
792 1208
793 1207
794 1206
795 1205
796 1204
797 1203
798 1202
799 1201
800 1200
801 1199
802 1198
803 1197
804 1196
805 1195
806 1194
807 1193
808 1192
809 1191
810 1190
811 1189
812 1188
813 1187
814 1186
815 1185
816 1184
817 1183
818 1182
819 1181
820 1180
821 1179
822 1178
823 1177
824 1176
825 1175
826 1174
827 1173
828 1172
829 1171
830 1170
831 1169
832 1168
833 1167
834 1166
835 1165
836 1164
837 1163
838 1162
839 1161
840 1160
841 1159
842 1158
843 1157
844 1156
845 1155
846 1154
847 1153
848 1152
849 1151
850 1150
851 1149
852 1148
853 1147
854 1146
855 1145
856 1144
857 1143
858 1142
859 1141
860 1140
861 1139
862 1138
863 1137
864 1136
865 1135
866 1134
867 1133
868 1132
869 1131
870 1130
871 1129
872 1128
873 1127
874 1126
875 1125
876 1124
877 1123
878 1122
879 1121
880 1120
881 1119
882 1118
883 1117
884 1116
885 1115
886 1114
887 1113
888 1112
889 1111
890 1110
891 1109
892 1108
893 1107
894 1106
895 1105
896 1104
897 1103
898 1102
899 1101
900 1100
901 1099
902 1098
903 1097
904 1096
905 1095
906 1094
907 1093
908 1092
909 1091
910 1090
911 1089
912 1088
913 1087
914 1086
915 1085
916 1084
917 1083
918 1082
919 1081
920 1080
921 1079
922 1078
923 1077
924 1076
925 1075
926 1074
927 1073
928 1072
929 1071
930 1070
931 1069
932 1068
933 1067
934 1066
935 1065
936 1064
937 1063
938 1062
939 1061
940 1060
941 1059
942 1058
943 1057
944 1056
945 1055
946 1054
947 1053
948 1052
949 1051
950 1050
951 1049
952 1048
953 1047
954 1046
955 1045
956 1044
957 1043
958 1042
959 1041
960 1040
961 1039
962 1038
963 1037
964 1036
965 1035
966 1034
967 1033
968 1032
969 1031
970 1030
971 1029
972 1028
973 1027
974 1026
975 1025
976 1024
977 1023
978 1022
979 1021
980 1020
981 1019
982 1018
983 1017
984 1016
985 1015
986 1014
987 1013
988 1012
989 1011
990 1010
991 1009
992 1008
993 1007
994 1006
995 1005
996 1004
997 1003
998 1002
999 1001
